101000000
011100000
101001010
011100100
101000010
011100100
101101010
000100010
101000100
011100000
101001010
011101111
101100110
100000001
101101000
100000010
101001100
011100000
101011100
011100001
101011110
011100000
101100010
000011110
101000110
101100010
011001010
101000010
101101100
110001010
101000010
101100110
011001010
101000110
101101010
110001010
101000100
101101000
011001010
101000100
101111110
110001010
101001000
101100100
011001010
101000000
101101000
110001010
101000100
101101100
110011100
101010100
011100010
101010100
101100010
011001010
101000000
101111100
110001010
101000010
101100110
110001100
101000100
101111110
000000100
101001100
011100001
101000010
011100000
101010100
101111110
110011100
101010100
011100010
101000010
101110100
001000010
101010110
101101110
110011100
101010100
011100010
101000100
101110100
001000100
101010110
101111110
110011100
111111111
