101010110
011101000
101101110
100000000
101010110
011101001
101110000
100000000
101000000
011100000
101000100
011100001
101000010
011100000
101001000
011100000
101000110
011100000
101001100
011100000
101001010
011100001
101010010
011100111
101001010
101110010
000101010
101010010
011110000
101000000
101110010
011010100
101000000
101101100
110010100
101010100
011100001
101001110
101101000
110010100
101010010
011100000
101100100
011010100
101000000
101111010
110010100
101010010
011100000
101100010
011010100
101000000
101101100
110010100
101010100
011100001
101001100
101100010
110010100
101001110
101100010
011010100
101000010
101100110
110010100
101000010
101101110
011010100
101000110
101100110
110010100
101010000
101100100
011010100
101000000
101101110
110010100
101000100
101110000
011010100
101000100
101101110
110010100
101010100
011100011
101010010
011111111
101110100
000110010
101010100
011100111
101110010
000010010
101010010
101110000
010110100
101010110
011100001
101110100
000010100
101010010
101101110
010110110
101011000
101110110
000010110
101000100
101110100
000000100
101000010
101111000
000000010
101000010
101110110
000000010
101000110
101101010
010000110
101001000
101101100
010001000
101010010
011100001
101010110
011100000
101000100
101110010
000100100
101010110
101111000
000010110
101000010
101110010
000100010
101110110
000000010
101010110
011100000
101001010
101110010
001001010
101010110
101111000
000010110
101001100
101110010
001001100
101110110
000001100
101000000
101110010
000000000
101011110
101111110
110010010
101010100
011101010
101000110
101110100
100100000
101010100
011101011
101001000
101110100
100100000
111111111
101000000
011100000
101000010
011100000
101001000
011100000
101001010
011100000
101001110
011101000
101010010
011100010
101100100
100000000
101101100
100000000
101011100
011111111
101010010
011100011
101010100
011100111
101011100
101110010
000111100
101011100
101110100
000011100
101001100
101111100
010101100
101010000
011100001
101101100
000001100
101010100
011100000
101100110
100000000
101011110
011100001
101000000
101111000
110011110
101010100
011100001
101100110
100000000
101011110
011100001
101000000
101100110
110011110
101000110
011100000
101010000
011100001
101001000
101110000
000101000
101010000
011100000
101010000
101111000
000010110
101011100
101101110
000001110
101000110
101101110
001010000
101010010
011100001
101010000
101110010
001110000
101010000
101101000
000001000
101010000
011100001
101001010
101110000
000101010
101010010
011100000
101010010
101110110
011011110
101000000
101101110
110011110
101001000
101100100
011011110
101000000
101110010
110011110
101010000
011100001
101001010
101110000
000001010
101001000
101101100
000001000
101010000
011100001
101010000
101100000
000000000
101010000
011101000
101000000
101110000
011011110
101010110
101111110
110011110
101010000
011100001
101000010
101110000
011011110
101000010
101100010
110011110
101010000
011100010
101000010
101110000
011011110
101000010
101111000
110011110
101010000
011100011
101000010
101110000
011011110
101000100
101101110
110011110
101010000
011100100
101001010
101110000
100100000
101010000
011100001
101000010
101110000
000000010
101001110
011101000
101000000
011100000
101011110
011100001
101011110
101101010
110011110
101010000
011100101
101001010
101110000
100100000
101010000
011100001
101000010
101110000
000000010
101001110
011101000
101000000
011100000
101011110
011100001
101011110
101111110
110011110
101010000
011100110
101001010
101110000
100100000
111111111
101000000
011100000
101010110
011100000
101001010
011100100
101000010
011100100
101101010
000100010
101000100
011100000
101001010
011101111
101100110
100000001
101101000
100000010
101001100
011100000
101011100
011100001
101011110
011100000
101100010
000011110
101000110
101100010
011001010
101000010
101101100
110001010
101000010
101100110
011001010
101000110
101110110
110001010
101000100
101101000
011001010
101000110
101101010
110001010
101001000
101100100
011001010
101000000
101101000
110001010
101000100
101111000
110011100
101010100
011100010
101010100
101100010
011001010
101000000
101111100
110001010
101000010
101100110
110001100
101000100
101111110
000000100
101001100
011100001
101000010
011100000
101010100
101111110
110011100
101010100
011100010
101000010
101110100
001000010
101010110
101101110
110011100
101010100
011100010
101000100
101110100
001000100
101010110
101111110
110011100
101000010
011101111
101000000
101100010
100100011
111111111
101000000
101101110
110000010
101000000
101101000
110000100
101010000
101111100
110011100
101000000
101100100
000010010
101000010
101111000
000010000
101010000
101110110
000010000
101010000
101100110
011001010
101000010
101111110
110001010
101000110
101110000
011001010
101000000
101110100
110001010
101001000
101110010
011001010
101000000
101101000
110001010
101000010
101100000
110011100
101010110
101111100
001010110
101001010
011100000
101111000
000001010
101000000
101111100
001000000
101101010
000000000
101001000
101101010
110011100
101001010
011100011
101010100
011111111
101101010
000110100
101001010
011100111
101110100
000010100
101010000
101110100
010101010
101010010
010101110
101001110
101111100
000001110
101001010
101111000
000001010
101001000
101101110
000001000
101000110
101111000
000000110
101101010
000000110
101010110
101111100
001010110
101001010
011100000
101111000
000001010
101000000
101111100
001000000
101101010
000000000
101100100
000000000
101010110
101111000
000010110
101010110
101100010
000010110
101000010
101100010
110011100
101010100
011100010
101000010
101110100
001000010
101011110
101100010
110011100
101010100
011100010
101000100
101110100
001000100
101011110
101110010
110011100
101010100
011100010
101100010
011001010
101010010
101101100
110001010
101010010
101100010
110001100
101000100
101111110
000000100
101001100
011100001
101000010
011100000
101010010
101101100
110011100
