101000000
011100000
101000010
011100000
101001000
011100000
101001010
011100000
101001110
011101000
101010010
011100010
101100100
100000000
101101100
100000000
101011100
011111111
101010010
011100011
101010100
011100111
101011100
101110010
000111100
101011100
101110100
000011100
101001100
101111100
010101100
101010000
011100001
101101100
000001100
101010100
011100000
101100110
100000000
101011110
011100001
101000000
101111000
110011110
101010100
011100001
101100110
100000000
101011110
011100001
101000000
101100110
110011110
101000110
011100000
101010000
011100001
101001000
101110000
000101000
101010000
011100000
101010000
101111000
000010110
101011100
101101110
000001110
101000110
101101110
001010000
101010010
011100001
101010000
101110010
001110000
101010000
101101000
000001000
101010000
011100001
101001010
101110000
000101010
101010010
011100000
101010010
101110110
011011110
101000000
101101110
110011110
101001000
101100100
011011110
101000000
101110010
110011110
101010000
011100001
101001010
101110000
000001010
101001000
101101100
000001000
101010000
011100001
101010000
101100000
000000000
101010000
011101000
101000000
101110000
011011110
101010110
101111110
110011110
101010000
011100001
101000010
101110000
011011110
101000010
101100010
110011110
101010000
011100010
101000010
101110000
011011110
101000010
101111000
110011110
101010000
011100011
101000010
101110000
011011110
101000100
101101110
110011110
101010000
011100100
101001010
101110000
100100000
101010000
011100001
101000010
101110000
000000010
101001110
011101000
101000000
011100000
101011110
011100001
101011110
101101010
110011110
101010000
011100101
101001010
101110000
100100000
101010000
011100001
101000010
101110000
000000010
101001110
011101000
101000000
011100000
101011110
011100001
101011110
101111110
110011110
101010000
011100110
101001010
101110000
100100000
111111111
