101011100
011100001
101000000
011100000
101000010
011101111
101000010
101100110
100000001
101000010
101101000
100000010
101000010
011100001
101001010
011101110
101000010
101101010
000100010
101000100
011100000
101001100
011100000
101000110
101100010
011001010
101000000
101111010
110001010
101000010
101100110
011001010
101000110
101100010
110001010
101000100
101101000
011001010
101000100
101110110
110001010
101010100
011100010
101000010
101110100
011001010
101000010
101100110
110001010
101000010
101110000
110001100
101010100
011100001
101000100
101110100
000000100
101010100
011100110
101000100
101110100
000100100
101001100
011100001
101000000
101110010
110011100
101010100
011100010
101000010
101110100
001000010
101011000
101111010
110011100
101010100
011100010
101000100
101110100
001000100
101011000
101101010
110011100
101010100
011100001
101010100
101100010
011001010
101000000
101101110
110001010
101000100
101110100
011001010
101010000
101100010
110001010
101000000
101100100
000010010
101000010
101111000
000010000
101000110
101110000
011001110
101000000
101111010
110001110
101010000
101100110
011001110
101000000
101111110
110001110
101010010
101101000
011001110
101000000
101110010
110001110
101010100
011100001
101000000
101110100
001000000
101001000
101110010
110011100
101010100
011101111
101010110
011100100
101010100
101110110
000110100
101010110
011101111
101010100
101110110
000010100
101010000
101110100
010110000
101010010
101110100
010110010
101010110
011100001
101010010
101110110
000010010
101010000
101111000
000010000
101001000
101110010
000001000
101000110
101111000
000000110
101000110
101110100
010100110
101001000
101110100
010101000
101001000
101110110
000001000
101000110
101111000
000000110
101000000
101110110
001000000
101000100
101100000
000000100
101000010
101111000
000000010
101000010
101100010
110011100
101010100
011100010
101000010
101110100
001000010
101010010
101100110
110011100
101010100
011100010
101000100
101110100
001000100
101010000
101110110
110011100
101010100
011100010
101010100
101100010
011001010
101011100
101110010
110001010
101011100
101111100
110001100
101000100
101110100
000000100
101010100
011100110
101000100
101110100
000100100
101001100
011100001
101011100
101100010
110011100
101000010
101100010
011101111
101000000
101100010
100100011
111111111
